20
0 1 0 0 0 0 0 0 0 0 0 0 0 0 0 0 0 0 0 0
0 0 0 1 0 0 0 0 0 0 0 0 0 0 0 0 0 0 0 0
0 0 0 0 0 0 0 1 0 0 0 0 0 0 0 0 0 0 0 0
0 0 0 0 1 0 0 0 0 0 0 0 0 0 0 0 0 0 0 0
0 0 1 0 0 0 0 0 0 0 0 0 0 0 0 0 0 0 0 0
1 0 0 0 0 0 0 0 0 0 0 0 0 0 0 0 0 0 0 0
0 0 0 0 0 0 0 0 0 0 0 0 0 1 0 0 0 0 0 0
0 0 0 0 0 0 0 0 0 0 0 0 1 0 0 0 0 0 0 0
0 0 0 0 0 0 0 0 0 0 0 1 0 0 0 0 0 0 0 0
0 0 0 0 0 0 0 0 0 0 1 0 0 0 0 0 0 0 0 0
0 0 0 0 0 0 0 0 1 0 0 0 0 0 0 0 0 0 0 0
0 0 0 0 0 0 1 0 0 0 0 0 0 0 0 0 0 0 0 0
0 0 0 0 0 0 0 0 0 1 0 0 0 0 0 0 0 0 0 0
0 0 0 0 0 0 0 0 0 0 0 0 0 0 0 0 0 0 1 0
0 0 0 0 0 1 0 0 0 0 0 0 0 0 0 0 0 0 0 0
0 0 0 0 0 0 0 0 0 0 0 0 0 0 0 0 0 1 0 0
0 0 0 0 0 0 0 0 0 0 0 0 0 0 0 1 0 0 0 0
0 0 0 0 0 0 0 0 0 0 0 0 0 0 0 0 0 0 0 1
0 0 0 0 0 0 0 0 0 0 0 0 0 0 0 0 1 0 0 0
0 0 0 0 0 0 0 0 0 0 0 0 0 0 1 0 0 0 0 0
<Text>
green
true

<Positions>
0 500 350
1 455 315
2 545 315
3 472 261
4 528 261
5 500 400
6 409 330
7 591 330
8 444 222
9 556 222
10 500 120
11 336 247
12 664 247
13 399 440
14 601 440
15 500 30
16 254 220
17 746 220
18 348 510
19 652 510
<Rib_Colors>
0 1 #00ff00
1 3 #00ff00
2 7 #00ff00
3 4 #00ff00
4 2 #00ff00
5 0 #00ff00
6 13 #00ff00
7 12 #00ff00
8 11 #00ff00
9 10 #00ff00
10 8 #00ff00
11 6 #00ff00
12 9 #00ff00
13 18 #00ff00
14 5 #00ff00
15 17 #00ff00
16 15 #00ff00
17 19 #00ff00
18 16 #00ff00
19 14 #00ff00
